  72.720  73.280  94.250
  74.750  70.770  96.370
  77.730  71.870  98.490
  77.290  75.720  98.260
  78.470  75.630  94.440
  76.710  78.950  93.470
  78.340  80.990  96.300
  81.600  79.340  95.060
  81.110  80.810  91.490
  80.370  84.330  92.890
  83.730  86.070  92.240
  82.700  88.950  94.630
  82.900  88.600  98.490
  79.450  90.300  98.840
  77.940  87.900  96.280
  79.700  84.880  97.970
  77.910  85.750 101.300
  74.730  86.640  99.320
  74.320  83.280  97.600
  74.810  81.290 100.800
  72.050  78.730 100.850
  70.620  76.920 103.910
  68.890  74.100 101.910
  72.140  73.340 100.210
  73.540  70.020 101.520
  77.160  69.770 102.750
  79.300  66.800 101.680
  79.750  63.500 103.490
  83.340  64.390 104.580
  84.540  67.090 107.200
  87.910  68.800 106.490
  88.520  70.460 110.020
  89.800  69.550 111.870
  90.360  70.390 111.840
  90.130  68.560 112.960
  91.220  68.540 113.060
  89.880  67.540 112.670
  89.500  68.990 114.270
  89.480  70.130 114.560
  88.430  68.210 116.370
  90.670  68.170 119.550
  89.150  67.040 122.880
  90.360  67.750 126.500
  90.320  64.450 128.490
  89.340  64.410 130.800
  88.590  63.870 130.390
  89.250  64.590 132.250
  88.980  65.620 132.500
  90.150  64.290 132.790
  88.110  63.790 132.810
  87.720  62.840 132.150
  86.390  63.350 134.610
  83.510  63.360 132.080
  85.370  61.280 129.370
  88.380  59.180 130.810
  86.330  55.830 130.430
  86.860  53.570 127.260
  83.040  53.200 126.900
  82.990  57.030 126.550
  86.160  57.380 124.370
  84.640  54.680 121.940
  81.570  56.770 121.370
  83.940  59.950 121.270
  85.650  58.390 118.200
  82.400  57.450 116.410
  81.380  61.150 116.870
  83.540  61.470 115.700
  83.630  60.480 115.900
  84.560  62.080 114.840
  84.060  62.800 114.180
  85.100  61.340 114.260
  85.700  62.820 115.610
  86.180  63.840 115.100
  87.370  63.010 117.400
  90.910  63.280 116.040
  93.390  64.150 118.940
  93.040  63.350 122.670
  94.630  66.250 124.670
  95.920  65.660 128.160
  96.850  68.700 130.390
  99.670  68.380 133.040
  98.620  71.470 135.060
  96.830  69.040 137.380
  97.000  66.620 137.920
  96.770  66.860 138.870
  97.170  65.140 137.670
  96.740  64.950 136.690
  96.600  64.590 138.420
  98.570  64.590 137.660
  99.480  65.140 137.030
 100.060  62.670 138.270
 102.140  61.060 135.470
 100.700  57.740 136.810
  97.140  58.970 136.500
  98.060  60.370 132.980
  99.700  57.120 131.740
  96.540  55.230 132.770
  94.590  57.790 130.740
  96.790  57.240 127.660
  96.200  53.480 128.170
  92.440  54.150 128.190
  92.830  56.440 125.070
  94.820  53.590 123.130
  92.230  51.070 124.520
  89.410  52.960 122.760
  91.340  53.620 119.580
  92.570  50.010 119.090
  89.030  48.340 119.650
  88.190  49.260 115.970
  91.350  47.730 114.590
  90.030  44.380 113.240
  89.270  46.100 109.860
  91.920  48.390 108.350
  89.190  50.100 106.220
  87.030  50.820 109.280
  90.000  51.750 111.600
  90.500  55.490 112.490
  93.870  56.420 113.930
  93.610  58.810 116.950
  96.490  61.090 118.260
  97.770  61.800 121.780
  98.680  65.470 122.630
 100.860  66.590 125.650
  99.680  70.000 127.050
 102.470  70.880 129.620
 102.270  73.040 132.760
 104.070  74.400 132.050
 104.540  73.520 132.180
 104.900  75.560 131.690
 104.510  76.000 130.770
 105.910  75.230 131.470
 104.820  76.670 132.820
 104.470  76.270 133.900
 105.190  79.080 133.580
 101.640  78.800 135.060
 100.830  81.220 138.010
  98.230  80.060 140.660
  96.720  80.780 144.180
  96.750  79.690 146.450
  96.490  80.600 146.800
  96.660  78.650 147.450
  96.880  79.070 148.430
  97.420  77.890 147.300
  95.340  77.930 147.590
  94.650  77.750 146.590
  93.770  77.000 149.250
  90.830  78.670 151.120
  90.560  77.740 154.890
  89.280  75.780 155.720
  90.170  75.550 156.150
  88.190  74.940 156.190
  88.660  73.960 156.310
  87.380  74.900 155.460
  87.630  75.490 157.540
  88.100  76.530 158.050
  85.630  74.000 157.610
  83.670  73.750 156.170
  83.660  72.840 156.620
  82.580  74.100 155.290
  82.180  75.070 155.600
  81.760  73.390 155.390
  83.060  74.160 153.820
  84.230  74.080 153.450
  82.420  74.550 151.350
  84.140  77.920 151.660
  84.320  80.280 148.600
  85.390  83.880 149.370
  83.040  86.730 148.130
  85.670  89.540 147.460
  83.810  92.940 147.390
  84.770  96.150 145.380
  86.480  97.740 146.290
  87.130  97.350 145.630
  86.900  98.850 147.120
  86.160  99.630 147.320
  87.660  99.460 146.640
  87.230  98.410 148.580
  87.390  99.170 149.530
  88.000  96.490 149.960
  91.510  95.470 151.020
  93.210  92.120 150.840
  96.940  91.180 151.570
  98.950  88.790 149.310
 101.700  86.630 150.960
 104.600  84.170 150.030
 105.110  82.640 153.490
 104.060  78.950 152.920
 102.340  78.680 156.350
  99.550  80.810 154.660
  99.060  78.240 151.720
  96.010  76.530 153.270
  94.900  79.750 155.130
  93.360  81.940 152.310
  90.320  84.150 153.360
  88.930  87.810 153.050
  92.110  89.130 154.590
  94.920  86.800 153.220
  95.790  85.030 149.930
  98.860  82.930 149.130
 100.250  82.490 145.610
 102.860  79.860 144.320
 105.040  82.530 142.520
 108.050  83.470 144.660
 109.870  86.400 142.860
 106.660  88.550 142.190
 107.750  91.560 144.360
 110.430  92.330 141.630
 107.960  92.010 138.600
 104.930  93.980 140.040
 104.730  97.650 141.170
 102.420  99.910 143.160
 100.400 100.530 141.840
  99.990 100.190 142.700
  99.460 100.800 140.670
  99.800 101.670 140.100
  98.460 100.930 141.080
  99.290  99.670 139.620
  98.420  99.700 138.810
  99.850  97.420 138.720
  96.640  95.530 138.230
  96.440  91.770 139.260
  93.880  89.390 137.600
  92.470  86.060 138.970
  90.000  83.100 138.090
  90.060  83.880 134.300
  90.420  86.160 134.870
  90.820  85.700 135.680
  90.230  87.570 134.780
  90.360  87.960 133.770
  91.020  88.090 135.330
  88.950  88.060 135.410
  88.810  89.260 135.550
  86.830  87.680 136.680
  88.520  88.930 139.920
  90.840  92.010 139.830
  92.890  93.900 142.350
  95.510  96.760 142.260
  98.760  97.050 144.350
  98.450  99.830 146.990
 101.650  98.980 148.930
 104.570  96.640 148.280
 105.910  95.420 149.940
 105.380  94.620 149.640
 107.020  95.170 150.820
 106.700  95.010 151.850
 107.680  96.040 150.920
 107.940  94.130 150.180
 107.660  93.660 149.060
 109.940  92.780 149.880
 107.940  89.510 150.490
 104.210  90.700 150.610
 101.730  92.880 148.550
  98.800  94.930 150.050
  95.970  95.510 147.620
  92.480  97.020 146.840
  89.680  95.070 144.910
  89.220  96.710 141.450
  86.700  94.130 140.340
  85.460  92.690 141.890
  84.630  93.250 141.750
  85.230  91.710 142.910
  84.720  92.020 143.820
  86.190  91.290 143.230
  84.510  90.500 142.340
  83.820  90.450 141.290
  84.480  89.450 143.170
  84.890  89.550 144.090
  83.690  88.260 142.950
  83.720  88.000 141.890
  82.660  88.580 143.090
  84.060  87.170 143.940
  84.720  87.350 144.930
  83.770  84.790 144.620
  87.260  83.420 144.900
  87.750  81.030 144.880
  87.890  81.150 143.890
  87.960  79.670 145.400
  87.440  79.000 144.710
  87.620  79.670 146.440
  89.390  79.160 145.310
  90.260  79.900 144.810
  91.130  77.330 145.830
  94.040  76.910 143.350
  92.740  79.500 140.640
  94.050  80.000 138.620
  93.250  79.600 138.140
  94.950  80.780 137.770
  94.590  80.650 136.750
  95.960  80.390 137.880
  95.000  82.270 138.180
  94.000  82.910 138.470
  96.600  84.160 138.170
  97.500  86.710 135.430
  99.830  89.720 135.500
  99.210  91.760 132.320
 101.070  92.780 131.320
 100.900  92.030 130.660
 102.020  93.790 130.980
 101.660  94.780 131.250
 102.220  93.780 129.910
 103.330  93.530 131.750
 104.280  94.240 131.560
 104.420  92.270 133.500
 107.700  90.620 132.630
 107.760  87.400 134.780
 111.200  85.550 135.430
 109.520  82.020 135.210
 111.140  79.840 132.430
 109.440  78.510 129.330
 110.400  74.920 130.570
 111.140  74.410 134.360
 112.350  71.160 136.170
 108.610  70.080 136.380
 108.090  70.610 132.550
 111.420  68.970 131.810
 109.910  65.920 133.540
 106.440  65.950 131.770
 108.190  66.250 128.310
 110.890  63.590 129.130
 108.020  61.230 130.210
 106.860  62.090 128.140
 107.350  62.950 128.370
 106.130  62.130 126.900
 106.110  63.140 126.500
 105.100  61.790 127.020
 106.760  61.350 125.760
 106.070  60.750 124.930
 108.960  60.400 124.810
 108.420  57.380 127.290
 104.570  57.250 126.660
 105.450  57.820 122.920
 103.000  60.800 122.420
 102.640  62.360 118.870
 102.550  66.150 119.590
 103.430  68.880 122.250
 101.090  71.940 122.790
 103.890  74.000 124.310
 102.610  76.560 127.040
 103.370  80.420 127.380
 105.870  80.710 124.380
 107.070  84.400 123.910
 110.050  84.140 121.380
 111.710  81.320 119.230
 114.530  80.390 121.720
 111.650  79.110 124.000
 110.730  76.510 121.260
 114.350  75.320 120.570
 114.480  74.620 124.330
 111.420  72.270 124.160
 113.180  70.820 121.080
 116.400  70.070 123.280
 114.410  68.770 126.330
 112.740  66.160 124.010
 114.950  65.920 123.150
 114.880  66.900 123.390
 116.190  65.410 122.550
 116.550  64.620 123.220
 116.940  66.190 122.510
 116.010  64.800 121.080
 115.000  65.100 120.420
 116.840  63.260 119.450
 114.680  60.380 120.620
 112.970  62.150 120.680
 113.680  62.690 121.150
 111.720  62.810 120.240
 111.410  63.420 121.090
 110.930  62.110 119.980
 111.770  63.730 119.000
 110.950  64.610 118.830
 112.950  64.450 116.970
 109.740  63.350 114.980
 107.420  64.850 117.700
 105.450  67.920 116.390
 105.850  71.000 118.660
 102.810  73.300 118.390
 103.360  76.760 120.020
 100.690  78.290 122.400
 100.610  82.050 121.900
  98.990  83.390 125.060
 100.830  86.770 125.640
 101.570  90.220 123.920
 105.320  89.450 123.290
 104.540  87.330 122.390
 103.900  87.220 123.170
 104.530  86.230 121.400
 103.950  85.410 121.820
 105.570  85.920 121.280
 103.840  86.560 120.080
 104.060  85.960 119.040
 102.430  88.300 118.950
 105.150  91.000 118.810
 107.670  88.180 118.160
 105.210  85.880 116.330
 107.050  85.040 113.000
 110.280  83.700 114.640
 108.190  81.430 116.870
 106.300  80.110 113.840
 109.510  79.560 111.840
 110.880  77.680 114.940
 107.550  75.650 115.520
 105.890  72.620 113.820
 103.990  74.060 114.330
 104.440  74.410 115.170
 102.640  74.520 114.230
 101.990  73.640 114.200
 102.510  75.090 113.310
 102.180  75.520 115.290
 102.930  75.720 116.260
 100.470  77.060 116.160
  97.730  77.030 118.870
  95.740  80.280 119.190
  95.260  79.780 123.030
  92.680  82.670 123.300
  92.470  82.150 125.710
  92.740  81.200 125.510
  92.130  82.370 127.030
  92.150  81.380 127.480
  91.110  82.730 127.130
  92.970  83.360 127.790
  92.670  84.580 127.900
  95.050  83.860 128.920
  95.780  85.810 125.620
  93.590  86.720 125.960
  93.280  85.760 125.860
  92.490  87.620 126.260
  91.570  87.160 125.890
  92.440  88.470 125.580
  92.420  88.070 127.700
  91.440  88.770 128.050
  93.690  88.490 129.740
  97.230  89.460 128.680
  95.820  91.770 125.870
  92.680  93.900 125.890
  89.580  91.780 125.000
  88.740  93.980 121.930
  92.030  92.970 120.080
  91.880  89.190 120.430
  89.980  88.880 117.080
  92.700  90.850 115.110
  95.370  88.450 116.630
  93.310  85.200 115.840
  92.710  86.310 112.180
  96.370  87.390 111.870
  97.860  84.150 113.430
  95.810  81.890 111.180
  96.130  83.490 109.460
  95.430  84.010 109.980
  96.590  84.080 108.210
  96.570  85.160 108.360
  95.960  83.740 107.390
  98.000  83.740 107.890
  98.270  83.090 106.860
 100.360  83.680 108.740
 100.020  79.930 109.490
  98.100  79.310 106.170
 100.670  81.520 104.370
 103.560  79.210 105.520
 101.930  77.390 105.260
 101.210  78.080 105.420
 101.580  75.940 105.240
 102.180  75.380 104.520
 100.580  75.700 104.890
 101.650  75.260 106.630
 101.640  74.040 106.600
 101.940  75.500 109.120
  98.930  73.750 110.890
  96.960  76.030 113.250
  94.560  75.300 116.080
  91.830  77.800 117.460
  90.820  77.210 121.070
  89.010  78.270 124.400
  85.350  78.460 125.340
  84.120  77.470 121.770
  81.030  75.480 123.180
  81.180  76.530 126.910
  77.300  76.510 127.200
  77.710  72.710 126.520
  79.490  72.390 129.810
  75.820  72.550 131.160
  73.380  72.630 128.200
  72.620  70.610 125.050
  72.750  73.420 122.450
  75.370  76.140 121.620
  74.760  79.910 122.060
  74.320  82.070 118.980
  77.940  83.460 119.830
  79.280  79.970 120.040
  77.890  79.300 118.190
  77.130  79.620 118.780
  77.410  78.810 116.950
  76.350  79.060 116.910
  77.580  77.740 116.830
  78.000  79.540 115.750
  78.150  79.090 114.660
  79.090  81.720 115.120
  82.520  81.330 116.690
  83.050  77.670 115.520
  81.970  78.750 111.950
  84.380  81.770 112.080
  87.440  79.590 113.030
  86.570  77.520 109.920
  86.190  80.600 107.580
  89.240  82.190 109.190
  89.840  79.900 108.420
  88.900  79.650 108.700
  90.670  78.870 107.770
  91.150  79.250 106.870
  90.030  78.060 107.420
  91.680  78.210 108.630
  92.730  77.860 108.110
  92.210  77.180 110.750
  93.230  73.420 110.650
  91.870  72.470 114.120
  89.340  73.620 116.720
  89.250  72.740 120.450
  86.890  71.680 123.280
  88.740  73.010 126.440
  87.020  72.510 128.150
  86.340  72.680 127.420
  86.390  72.110 129.480
  86.130  73.050 129.960
  87.030  71.570 130.180
  85.100  71.440 129.290
  84.680  70.540 130.030
  83.290  70.970 127.520
  84.840  67.420 127.180
  86.990  67.470 130.400
  84.120  68.260 132.960
  82.320  68.720 131.260
  82.970  68.430 130.550
  80.960  69.120 130.830
  80.960  69.420 129.780
  80.690  69.910 131.530
  79.900  68.010 130.800
  80.340  66.880 130.840
  77.500  67.340 130.920
  77.490  66.750 127.120
  81.130  65.460 126.470
  80.050  63.710 123.200
  77.200  66.020 122.020
  79.700  68.870 121.920
  82.050  66.700 119.640
  79.030  66.280 117.300
  78.110  70.030 117.340
  81.680  71.050 116.160
  81.290  68.320 113.470
  77.830  69.600 112.270
  79.020  73.190 112.230
  82.470  72.670 110.620
  80.950  70.580 107.620
  78.520  73.590 106.940
  81.340  76.220 107.230
  83.660  74.200 104.860
  81.410  74.290 101.770
  80.790  77.940 102.760
  84.490  79.030 102.390
  85.630  81.020  99.280
  87.430  78.110  97.460
  88.820  79.700  94.210
  89.270  83.260  95.710
  91.470  81.780  98.480
  93.460  79.490  96.000
  94.530  82.500  93.830
  95.820  84.310  97.090
  97.820  81.220  98.380
  99.160  81.420  94.770
 100.230  85.160  95.410
 101.570  84.280  98.860
 103.720  81.360  97.280
 105.370  82.980  94.110
 108.780  83.040  96.060
 108.880  79.230  95.770
 110.070  76.830  92.990
 109.330  73.530  94.780
 108.350  70.590  92.490
 106.090  69.140  95.290
 104.210  72.440  95.480
 103.720  72.280  91.680
 102.110  68.700  92.210
 100.060  69.950  95.160
  98.490  72.910  93.190
  98.830  71.590  91.050
  99.820  71.640  91.220
  98.350  70.810  89.930
  99.130  70.310  89.370
  97.800  71.430  89.220
  97.190  69.840  90.260
  96.400  69.520  89.350
  96.030  68.460  91.950
  93.880  71.110  93.630
  93.200  72.500  90.140
  92.170  69.100  88.700
  90.060  68.390  91.800
  88.050  71.620  91.530
  87.880  71.470  87.740
  86.200  68.140  87.440
  84.670  67.990  91.000
  86.800  64.950  91.960
  85.310  63.230  94.920
  88.630  62.860  96.750
  92.490  63.550  96.560
  94.320  60.240  97.220
  97.910  60.600  98.560
 100.440  57.830  99.190
 102.970  59.150 101.830
 105.150  57.550 104.740
 106.510  60.930 106.130
 104.310  61.880 105.750
 104.380  61.300 104.930
 103.220  62.860 105.870
 103.190  63.160 106.920
 102.270  62.370 105.650
 103.430  64.050 104.950
 102.390  64.550 104.490
 104.940  65.820 104.020
 103.520  64.980 100.510
  99.880  65.090 101.770
 100.690  68.340 103.690
 101.630  70.440 100.570
  98.210  69.420  99.030
  96.600  70.420 102.430
  98.270  73.990 102.410
  96.380  74.930  99.190
  92.850  74.090 100.600
  90.900  71.750  98.220
  87.070  71.270  98.940
  86.980  67.490  98.720
  88.840  65.050 101.280
  92.580  64.350 101.160
  92.740  60.550 101.660
  96.240  59.870 103.180
  97.690  56.310 102.910
 100.500  55.330 105.250
 101.890  51.990 106.750
 103.520  54.290 109.510
 101.020  54.830 112.430
 102.830  57.870 113.930
 102.570  59.570 110.530
  98.790  58.650 110.520
  98.300  60.250 113.900
 100.290  63.500 113.270
  98.410  64.200 109.890
  95.250  65.190 112.000
  96.960  68.660 112.350
  96.200  69.540 108.740
  92.860  70.550 107.230
  91.740  68.950 105.840
  91.130  68.850 106.640
  91.360  68.110 104.720
  91.680  68.500 103.750
  90.280  67.950 104.690
  92.030  66.690 104.850
  91.530  65.870 104.060
  93.650  65.010 105.670
  91.790  61.660 106.520
  94.680  59.370 107.530
  94.140  55.560 106.950
  96.430  52.760 108.090
  97.180  50.180 105.480
  98.010  46.500 106.640
  98.610  44.770 103.250
 102.190  43.780 102.850
 104.900  45.340 100.760
 104.970  44.000  97.180
 108.300  43.270  95.240
 107.020  45.360  92.230
 106.500  49.040  92.930
 103.580  49.350  90.380
 101.870  46.500  92.320
 102.540  47.950  95.720
 101.280  51.480  94.580
  98.120  49.860  93.040
  97.420  47.800  96.280
  97.710  51.090  98.330
  95.400  52.990  95.750
  92.910  50.000  95.950
  92.840  50.270  99.880
  91.790  53.900  99.460
  89.140  52.780  96.780
  87.610  50.630  99.570
  87.600  53.410 102.120
  86.750  55.140 100.560
  87.480  54.780  99.960
  85.880  56.190 100.070
  86.260  56.550  99.110
  85.980  57.070 100.710
  84.450  55.770  99.890
  83.540  56.590 100.260
  83.040  53.840  99.610
  82.710  52.530 103.110
  82.700  56.160 104.460
  81.160  56.690 102.600
  81.520  55.860 102.150
  80.250  57.530 101.850
  79.590  58.010 102.560
  79.630  56.920 101.190
  80.850  58.710 101.100
  80.150  59.520 100.500
  82.970  59.850 100.240
  82.690  58.330  96.790
  81.220  55.420  94.700
  81.450  53.570  91.440
  82.060  55.080  89.530
  82.950  54.620  89.690
  81.910  56.100  88.470
  80.940  55.950  88.010
  82.700  55.940  87.730
  81.900  57.580  88.870
  81.530  58.530  88.200
  82.840  59.180  90.580
  86.260  60.590  89.550
  89.200  60.940  92.130
  92.720  62.510  91.860
  95.700  60.220  92.940
  99.390  61.150  93.900
 102.180  58.620  93.860
 104.690  58.120  93.790
 104.430  57.330  94.370
 106.000  58.010  93.170
 106.630  57.730  94.020
 106.350  59.000  92.870
 106.170  57.210  91.890
 105.530  56.180  91.650
 107.110  57.040  89.640
 109.720  54.680  91.250
 110.790  53.380  94.770
 112.530  55.050  94.440
 112.680  54.620  93.540
 113.400  56.180  94.720
 114.180  56.250  93.960
 113.930  55.960  95.650
 112.750  57.570  94.680
 113.490  58.500  95.010
 110.970  59.090  94.030
 111.030  59.840  96.480
 110.850  58.880  96.730
 111.260  60.840  97.570
 112.130  61.470  97.400
 111.350  60.340  98.530
 110.150  61.900  97.780
 110.020  62.470  98.880
 107.870  62.560  97.040
 104.500  62.040  95.210
 105.840  63.130  91.760
 103.070  61.340  89.670
  99.480  62.480  89.390
  96.520  60.500  87.990
  92.900  61.160  87.280
  91.130  57.850  88.060
  87.480  56.650  87.870
  86.360  54.800  90.980
  85.620  51.000  90.120
 115.130  88.440  84.920
 114.880  85.850  82.120
 111.590  85.030  80.220
 110.220  88.490  81.570
 109.820  86.820  85.090
 109.640  90.280  86.740
 106.570  91.350  84.660
 105.170  87.710  85.340
 105.150  88.550  89.070
 103.590  92.010  88.360
  99.980  91.000  89.870
  98.360  94.070  88.030
  98.120  94.600  84.170
  99.380  98.210  84.080
 102.170  97.170  86.410
 103.040  94.160  84.060
 103.430  96.590  81.200
 105.610  98.950  83.390
 107.950  95.990  84.270
 109.010  94.970  80.590
 112.690  94.830  79.560
 114.590  94.770  76.230
 117.710  93.290  78.000
 115.860  90.350  79.530
 116.320  87.080  77.520
 113.510  85.190  75.650
 112.940  81.320  75.890
 114.650  79.270  73.050
 111.320  78.000  71.690
 108.730  80.080  69.650
 105.130  79.050  70.350
 103.170  81.080  67.660
 102.670  80.070  65.480
 101.720  80.120  65.820
 102.870  79.560  64.160
 102.020  78.960  63.840
 103.770  78.950  64.110
 102.980  80.650  63.120
 102.260  81.610  63.190
 104.090  81.030  60.980
 101.940  80.600  57.830
 103.700  81.440  54.440
 102.090  82.160  51.150
 103.940  80.370  48.370
 104.360  81.460  46.200
 105.290  81.510  46.590
 104.110  81.930  44.840
 103.590  82.880  44.970
 103.560  81.160  44.300
 105.390  81.960  44.010
 106.280  81.180  44.340
 106.640  82.670  42.020
 109.050  84.160  44.570
 108.970  80.960  46.710
 108.320  77.850  44.440
 111.870  76.320  43.920
 112.870  73.430  46.250
 116.150  75.210  47.500
 114.060  78.150  48.760
 111.400  75.870  50.360
 114.270  74.250  52.260
 115.280  77.770  53.390
 111.610  78.550  54.460
 111.480  75.430  56.680
 114.840  76.330  58.400
 113.990  80.130  58.540
 111.750  79.480  59.490
 111.700  78.770  58.780
 110.730  79.530  60.520
 110.560  80.580  60.760
 111.130  79.120  61.450
 109.460  78.820  60.200
 108.680  78.730  61.140
 107.830  78.080  58.450
 105.160  75.820  60.010
 102.480  76.090  57.200
 102.650  76.820  53.350
  99.540  78.420  51.790
  97.990  77.960  48.370
  95.430  80.640  47.320
  93.670  79.130  44.250
  92.510  82.560  42.790
  95.500  82.360  40.580
  96.540  80.590  39.120
  96.580  81.360  38.470
  97.220  79.290  38.830
  97.770  78.910  39.690
  97.820  79.490  37.950
  96.220  78.160  38.370
  95.140  77.970  38.940
  96.080  75.960  37.150
  95.900  72.680  39.130
  99.110  71.660  37.390
 101.060  74.850  38.620
  99.720  74.000  42.210
 100.430  70.240  41.950
 104.070  71.160  41.120
 104.160  73.440  44.210
 102.610  70.750  46.490
 105.220  68.120  45.340
 107.870  70.740  45.760
 106.700  71.410  49.410
 106.920  67.560  50.210
 110.310  66.960  48.460
 111.760  69.870  50.630
 109.930  68.740  53.830
 111.220  65.090  53.570
 114.770  66.090  52.560
 115.290  66.840  56.280
 114.010  63.250  57.200
 117.400  61.360  57.730
 117.100  62.030  61.530
 113.420  62.290  62.880
 114.830  64.220  65.850
 116.060  67.100  63.610
 113.090  66.830  61.270
 110.170  69.300  61.260
 106.640  68.810  59.960
 105.200  71.350  57.490
 101.430  71.620  56.920
  99.880  72.240  53.460
  97.000  74.560  53.330
  94.470  75.270  50.610
  92.740  78.680  50.340
  89.620  78.670  47.990
  88.510  81.480  45.550
  86.240  81.350  46.240
  86.300  80.490  45.720
  84.870  81.680  46.770
  84.950  81.860  47.840
  84.260  80.780  46.670
  84.160  82.850  46.020
  84.380  83.020  44.840
  82.430  84.660  46.070
  85.450  86.790  44.610
  84.780  89.620  41.950
  87.420  91.000  39.540
  87.770  93.600  36.840
  87.840  93.410  34.470
  87.280  94.250  34.480
  88.480  93.060  33.170
  87.960  93.530  32.340
  88.200  92.010  33.110
  90.000  93.330  32.970
  90.770  93.720  33.920
  91.850  93.380  31.340
  92.990  96.880  30.200
  93.470  97.230  26.320
  95.600  96.920  25.110
  95.040  96.270  24.570
  96.880  97.320  24.570
  97.210  96.590  23.830
  97.610  97.340  25.380
  96.880  98.630  23.820
  95.800  99.210  23.620
  99.390  98.650  23.680
 101.330  98.930  25.110
 101.610  98.000  24.830
 102.310  99.620  26.030
 102.030 100.670  26.140
 103.270  99.600  25.520
 102.410  99.020  27.390
 102.420  97.770  27.520
 102.210  99.700  29.860
  98.420  99.320  29.760
  97.730 101.000  33.130
  95.270 103.990  33.190
  94.630 106.910  35.690
  90.960 107.290  36.810
  90.380 110.940  37.890
  87.810 111.920  40.610
  85.480 112.330  40.250
  85.330 111.530  40.850
  84.290 113.090  39.730
  84.390 114.160  39.900
  83.350 112.830  40.210
  84.050 112.930  38.190
  83.100 113.560  37.670
  84.780 111.600  36.120
  82.100 109.270  34.650
  82.590 105.440  33.800
  80.250 102.720  32.320
  80.130  99.220  34.010
  78.870  96.540  31.450
  78.330  92.720  31.650
  79.130  92.340  27.810
  82.080  89.900  27.360
  83.120  91.880  24.070
  84.930  94.260  26.500
  86.160  91.440  28.860
  89.780  92.120  27.610
  89.150  95.770  26.200
  88.580  97.800  29.390
  89.880 101.370  29.660
  89.400 104.890  31.430
  85.640 104.950  30.250
  84.370 101.270  30.160
  84.720  98.420  32.700
  83.800  94.690  32.550
  83.390  92.490  35.680
  83.020  88.640  36.040
  79.800  88.980  38.230
  76.710  88.350  36.080
  74.110  89.590  38.660
  75.610  93.020  39.860
  72.460  94.930  38.380
  70.130  92.720  40.450
  72.180  93.490  43.660
  73.520  97.180  43.420
  71.190 100.200  43.470
  71.690 104.010  42.510
  73.040 105.290  44.090
  73.680 105.370  43.310
  73.610 105.850  45.350
  72.780 106.060  46.020
  74.090 106.820  45.260
  74.560 104.930  46.080
  75.350 105.420  46.940
  75.530 102.650  46.450
  79.360 102.570  46.260
  81.780  99.970  44.840
  85.440  99.510  45.900
  88.230  98.690  43.290
  91.870  97.510  43.640
  92.140  96.320  47.330
  90.640  98.190  47.650
  90.070  97.750  46.940
  89.980  99.320  48.310
  89.990  99.150  49.390
  88.940  99.410  48.010
  90.630 100.710  47.990
  90.070 101.690  48.440
  92.370 102.140  46.900
  89.850 103.290  44.150
  86.230 103.990  45.040
  83.300 104.290  42.600
  79.600 105.470  42.900
  76.500 104.240  40.930
  74.620 107.240  39.270
  72.610 105.140  36.840
  71.030 101.720  36.440
  70.880 100.270  34.540
  71.710  99.830  34.900
  70.060  99.460  33.580
  70.290  99.760  32.560
  69.030  99.790  33.740
  70.090  97.920  33.810
  70.440  97.520  34.910
  69.690  95.680  32.920
  73.230  94.740  31.670
  75.040  98.100  32.560
  75.450 100.680  35.250
  76.880 104.330  35.110
  79.400 105.260  37.770
  81.300 108.310  39.060
  84.810 108.060  40.540
  84.640 108.980  44.360
  88.360 108.380  44.670
  89.970 108.440  42.790
  90.430 109.240  43.200
  90.700 107.900  41.640
  90.890 108.760  40.990
  90.140 107.080  41.200
  92.140 107.470  42.000
  92.470 107.350  43.150
  92.900 107.050  40.950
  92.430 107.210  40.070
  94.290 106.570  40.850
  94.440 105.850  41.660
  95.060 107.330  40.970
  94.580 105.750  39.590
  93.730 105.650  38.690
  96.120 104.250  38.250
  94.060 101.080  37.450
  94.860  98.950  36.730
  94.880  98.780  37.720
  95.380  97.900  35.940
  96.300  97.510  36.390
  95.720  98.290  34.980
  94.340  96.760  35.690
  93.260  96.770  36.300
  93.950  94.480  34.710
  91.900  92.060  36.970
  91.970  93.960  40.240
  90.860  93.610  42.360
  91.780  93.700  42.770
  89.810  93.180  43.290
  90.150  93.040  44.310
  89.420  92.240  42.890
  88.640  94.190  43.310
  88.780  95.410  43.180
  86.060  94.420  43.430
  84.360  94.660  46.770
  80.720  95.930  47.210
  80.180  97.470  50.660
  78.110  97.260  51.990
  78.720  96.780  52.630
  76.650  97.300  52.210
  76.310  98.280  51.880
  76.350  97.300  53.260
  75.750  96.260  51.520
  74.870  95.720  52.190
  74.940  95.250  49.420
  74.400  91.370  49.660
  75.850  89.290  46.740
  74.070  86.070  45.710
  77.370  84.230  44.870
  77.850  80.940  46.950
  80.740  80.160  49.360
  81.490  76.970  47.140
  80.530  77.220  43.320
  81.520  74.860  40.430
  85.010  76.450  40.740
  85.690  75.890  44.370
  84.570  72.260  44.320
  87.330  71.320  41.710
  89.900  72.920  44.120
  88.380  70.910  47.100
  88.200  67.580  45.170
  91.760  68.280  44.130
  92.160  69.060  46.470
  91.570  69.860  46.280
  92.670  68.950  47.860
  92.160  69.730  48.430
  93.730  69.200  47.820
  92.480  67.630  48.590
  93.250  67.220  49.480
  91.160  65.470  48.680
  93.460  63.580  46.330
  96.410  65.910  47.240
  95.610  65.240  50.980
  95.850  68.880  52.180
  96.030  69.130  55.920
  93.680  72.100  56.200
  91.360  74.340  54.080
  91.040  78.050  54.610
  87.470  78.680  53.470
  86.840  82.070  51.630
  83.830  84.320  52.480
  81.960  82.120  55.050
  78.830  84.150  55.980
  76.830  81.570  57.840
  77.130  77.950  59.210
  75.410  76.410  56.070
  78.570  77.440  54.150
  80.880  75.300  56.360
  78.390  72.410  56.110
  78.740  72.820  52.240
  82.530  72.490  52.370
  82.190  69.670  54.950
  79.670  67.820  52.550
  82.090  68.390  49.490
  85.020  66.960  51.600
  83.490  65.170  52.360
  82.930  65.940  52.710
  82.990  63.830  52.370
  83.140  63.400  51.380
  81.920  63.930  52.560
  83.630  62.990  53.440
  84.390  63.480  54.260
  84.150  60.790  54.290
  87.280  61.280  52.100
  87.430  63.350  53.300
  86.450  63.170  53.450
  88.090  64.570  53.900
  87.720  65.410  53.310
  89.180  64.580  53.840
  87.660  64.720  55.390
  87.750  65.840  55.860
  86.760  63.870  57.460
  90.100  64.570  59.260
  90.710  67.810  56.910
  90.060  70.930  59.080
  87.850  73.760  57.780
  88.950  77.190  58.900
  86.320  80.000  58.250
  87.540  83.300  56.620
  85.760  86.270  58.190
  85.670  88.760  55.340
  82.080  90.150  55.300
  79.910  92.240  57.770
  77.560  89.200  58.100
  79.580  87.770  58.350
  79.950  88.410  57.660
  80.410  86.850  59.060
  81.350  86.800  58.500
  79.970  85.850  59.050
  80.730  87.400  60.490
  80.830  86.630  61.450
  81.080  89.340  62.030
  77.240  89.390  63.070
  76.880  85.640  62.640
  80.330  84.590  64.030
  78.960  82.580  67.040
  77.150  80.130  64.610
  80.350  79.810  62.480
  82.530  79.140  65.670
  80.490  76.000  66.730
  80.700  74.660  63.220
  84.290  75.550  62.060
  87.510  73.620  63.240
  88.400  75.890  63.070
  87.580  75.900  62.480
  89.030  77.140  63.420
  90.100  76.930  63.350
  88.860  77.370  64.470
  88.740  78.450  62.620
  87.870  78.390  61.730
  89.060  80.950  62.470
  90.990  82.980  59.950
  90.920  86.790  60.730
  91.250  87.620  56.950
  91.520  91.420  57.680
  91.970  91.760  55.320
  92.540  90.950  55.500
  91.970  92.230  53.910
  92.140  91.460  53.160
  92.790  92.950  53.800
  90.660  92.960  53.500
  90.500  94.130  53.690
  88.430  92.640  52.440
  86.940  92.930  55.900
  88.420  94.920  56.050
  89.150  94.230  55.920
  88.810  96.360  56.150
  89.810  96.380  56.590
  88.150  96.880  56.840
  88.700  97.100  54.850
  89.110  98.210  54.780
  87.500  97.240  52.620
  83.810  96.410  52.970
  83.280  97.630  56.620
  84.930 100.950  57.990
  88.710 100.570  58.680
  88.280 101.900  62.330
  86.300  98.610  62.920
  89.310  96.220  62.030
  90.850  96.320  65.640
  87.440  95.400  67.230
  86.700  92.570  64.740
  90.220  91.310  65.380
  89.940  91.300  69.170
  86.330  89.910  69.210
  87.270  86.900  67.040
  90.620  86.280  68.800
  89.570  86.530  71.020
  89.390  87.480  70.740
  89.230  86.110  72.340
  88.730  86.940  72.830
  90.130  85.860  72.900
  88.290  85.010  72.410
  88.450  84.090  73.250
  86.150  84.090  71.570
  88.450  81.590  69.790
  90.800  81.560  72.820
  88.070  80.970  75.440
  86.310  78.220  73.310
  88.530  77.230  73.070
  88.880  78.160  73.260
  89.500  76.230  72.820
  89.090  75.360  73.330
  90.490  76.490  73.200
  89.660  75.840  71.300
  90.150  74.730  70.990
  89.520  76.580  68.930
  92.590  78.040  67.230
  92.860  81.530  65.600
  94.920  82.790  62.660
  95.620  86.580  62.000
  96.370  87.470  58.310
  97.250  90.110  55.530
  99.260  93.370  55.550
 101.500  92.000  58.420
 105.000  92.940  57.010
 103.730  94.580  53.750
 106.770  96.980  53.430
 108.950  93.760  53.150
 107.420  93.060  49.850
 110.170  95.540  48.680
 112.410  96.300  51.700
 114.740  94.140  53.910
 113.110  95.460  57.280
 109.410  96.170  58.090
 107.740  99.580  59.240
 107.220 100.580  62.950
 103.400  99.960  62.380
 104.060  96.500  61.050
 105.960  96.120  62.560
 106.300  96.980  62.140
 106.570  95.580  63.740
 107.550  96.030  63.910
 106.750  94.510  63.610
 105.740  95.680  65.060
 106.100  94.930  66.020
 103.710  96.710  66.130
 100.920  94.770  64.540
 102.760  91.390  64.710
 103.650  91.800  68.370
 100.070  93.010  69.140
  98.470  90.150  67.340
 100.120  87.440  69.570
  99.730  89.610  72.670
  95.940  89.730  71.870
  96.230  87.390  71.380
  96.920  87.750  70.740
  96.160  85.960  71.640
  95.370  85.640  72.320
  97.060  85.610  72.150
  96.000  85.040  70.380
  95.290  84.080  70.520
  96.690  84.650  68.040
  97.820  80.960  67.490
  99.190  81.780  64.110
 100.340  84.810  61.970
 100.580  84.840  58.200
 102.500  86.370  55.310
 100.050  87.070  52.420
 101.660  88.010  50.890
 101.940  88.570  51.680
 102.380  88.310  49.600
 101.940  89.150  49.060
 102.310  87.440  48.950
 103.870  88.590  49.850
 104.680  88.760  48.970
 105.590  89.060  51.620
 106.770  85.390  51.000
 104.860  84.710  47.710
 106.040  87.760  45.590
 107.430  88.960  47.190
 106.820  88.590  47.900
 108.470  89.870  47.640
 108.550  89.700  48.710
 108.250  90.920  47.450
 109.840  89.670  47.110
 110.250  88.680  46.540
 112.190  90.620  47.170
 113.030  89.460  50.800
 110.750  86.210  51.140
 113.130  84.550  53.730
 113.710  87.610  56.030
 109.870  88.100  56.320
 109.780  84.540  57.870
 112.700  85.600  60.290
 110.970  88.840  61.290
 107.890  87.100  62.280
 109.800  84.530  64.270
 111.980  86.810  66.320
 109.040  89.300  67.080
 106.740  86.420  68.080
 109.140  84.770  70.660
 109.600  88.360  72.040
 105.870  89.070  72.310
 105.340  85.590  73.920
 107.390  86.230  77.110
 105.730  89.700  77.440
 102.090  88.300  77.620
 100.100  88.600  80.900
 100.890  84.960  81.850
  98.910  84.220  85.160
  95.840  86.260  84.130
  95.590  84.500  80.730
  95.540  81.180  82.530
  93.070  82.340  85.340
  90.550  84.050  82.890
  90.610  81.100  80.370
  89.820  78.720  83.310
  87.020  81.190  84.330
  85.530  81.150  80.800
  85.360  77.310  81.170
  83.610  76.880  84.630
  80.540  75.460  82.610
  82.690  72.400  81.760
  83.720  69.570  84.240
  85.940  67.700  81.610
  88.550  65.160  82.750
  90.830  66.240  79.860
  90.580  69.930  80.870
  91.220  68.950  84.500
  94.550  67.180  83.570
  95.410  69.950  80.970
  95.100  72.530  83.720
  96.070  71.010  85.370
  95.270  70.410  85.280
  96.980  70.620  86.450
  96.810  69.650  86.910
  96.910  71.450  87.160
  98.440  70.620  86.020
  99.370  71.040  86.700
 100.020  70.340  84.070
 100.000  74.010  82.890
  99.870  75.190  86.530
 102.590  72.670  87.400
 104.780  74.120  84.520
 104.570  77.540  86.190
 104.920  76.560  89.870
 108.200  74.590  89.370
 109.140  76.910  86.510
 109.310  73.780  84.130
 111.360  73.990  80.950
 108.730  72.090  78.720
 105.580  70.030  78.590
 105.930  66.480  77.020
 102.720  64.790  75.480
 102.050  61.440  73.860
  99.230  61.580  71.300
  97.970  59.950  67.900
  94.790  62.120  67.360
  96.040  63.890  68.340
  96.540  63.120  68.760
  96.440  65.160  68.740
  96.860  65.720  67.900
  97.350  65.150  69.340
  95.550  66.010  69.650
  96.070  66.990  70.220
  93.190  66.210  70.660
  94.820  65.970  74.070
  97.820  68.250  73.170
  95.360  70.780  71.560
  93.690  70.650  74.970
  96.870  71.450  76.880
  97.590  74.240  74.280
  94.360  76.270  74.670
  95.300  76.830  78.420
  98.480  78.720  77.120
 101.590  77.570  78.900
 104.730  79.730  78.320
 106.920  76.610  77.950
 106.760  74.410  74.660
 104.350  71.590  74.270
 106.200  68.630  72.640
 103.580  66.510  70.990
 105.070  63.030  70.030
 103.010  61.220  67.400
 103.640  58.480  64.710
 100.570  59.630  62.600
 101.660  62.170  59.880
  98.420  63.980  59.520
  98.260  64.520  63.370
 101.860  65.780  63.220
 101.080  68.410  60.510
  97.570  69.570  61.770
  98.970  70.430  65.260
 100.460  73.660  63.580
  97.040  75.370  64.060
  97.610  75.260  67.830
 100.100  77.700  69.590
 102.040  76.930  70.890
 102.600  77.360  70.170
 102.870  76.110  71.900
 102.460  76.070  72.910
 103.820  76.640  71.950
 103.160  74.720  71.530
 104.150  74.130  72.020
 102.580  72.780  70.260
 105.840  71.680  68.530
 104.730  68.460  66.760
 107.460  65.810  66.100
 107.340  62.560  63.950
 108.560  59.360  65.630
 109.200  56.350  63.240
 109.910  53.540  65.740
 107.800  50.300  65.890
 104.910  49.530  68.410
 106.750  47.630  71.140
 104.790  44.650  72.750
 104.590  46.130  76.270
 102.760  49.590  76.400
 104.920  50.950  79.180
 108.130  50.580  77.070
 106.290  52.080  73.990
 105.540  55.090  76.360
 109.110  55.130  77.620
 110.380  55.180  73.990
 107.910  57.990  73.170
 108.920  60.090  76.300
 112.780  59.570  75.680
 112.260  60.730  72.010
 110.990  63.930  73.580
 113.980  64.070  75.980
 116.240  63.710  72.870
 114.340  66.350  70.670
 114.280  67.650  72.760
 113.770  66.900  73.200
 114.350  68.950  73.410
 113.680  68.930  74.270
 113.970  69.760  72.790
 115.740  69.310  74.030
 116.030  70.500  74.180
 118.110  68.520  73.860
 118.630  68.680  70.110
 116.480  71.800  69.380
 117.160  72.500  71.660
 117.650  71.620  71.770
 117.540  73.530  72.680
 118.070  74.380  72.250
 118.280  73.030  73.300
 116.490  73.970  73.690
 116.670  75.000  74.350
 114.360  73.580  74.740
 116.180  72.080  77.700
 119.270  70.200  78.990
 119.650  67.500  81.750
 118.860  67.880  84.060
 118.490  66.950  83.970
 118.660  68.640  85.300
 119.670  68.930  85.600
 118.290  68.010  86.100
 117.820  69.940  85.320
 117.500  70.460  86.400
 116.180  71.110  83.880
 112.730  70.160  85.040
 109.870  68.860  82.580
 106.150  67.960  83.010
 105.300  64.520  81.330
 101.760  63.530  80.010
 100.690  59.870  79.270
  99.010  58.140  78.960
  99.680  57.730  78.320
  97.880  57.310  79.340
  97.440  57.040  78.380
  97.050  57.810  79.840
  98.270  56.050  80.060
  99.190  55.400  79.620
  97.900  54.510  81.980
  96.890  51.700  79.510
  96.240  51.030  75.700
  93.890  51.020  76.680
  94.170  50.220  77.230
  92.450  51.330  76.630
  91.900  50.710  77.340
  92.070  51.080  75.640
  92.030  52.740  77.010
  90.860  52.980  76.810
  92.540  54.860  78.280
  91.780  55.790  76.140
  92.290  55.030  75.710
  91.100  56.760  75.170
  90.180  57.010  75.700
  90.960  56.230  74.230
  91.740  58.140  74.840
  91.860  58.710  73.740
  92.830  59.960  76.120
  95.490  61.250  78.530
  95.180  60.420  82.270
  98.720  60.160  83.960
 101.140  63.070  84.660
 104.790  63.030  86.140
 107.280  65.730  87.230
 110.930  64.780  86.640
 114.300  66.430  85.730
 115.770  65.680  82.170
 118.250  62.640  82.440
 100.650 102.680 111.060
  97.370 104.270 112.250
  93.780 102.990 111.380
  95.040  99.480 110.090
  95.790 101.400 107.030
  98.660  99.150 105.900
  96.230  96.240 105.850
  93.850  98.370 103.590
  96.770  98.400 100.920
  97.190  94.670 101.030
  95.280  93.960  97.710
  94.890  90.310  98.870
  92.520  88.900 101.580
  95.170  86.460 102.910
  97.800  89.240 103.170
  95.120  91.770 104.550
  94.680  89.210 107.350
  98.490  88.840 107.890
  98.930  92.650 108.350
  96.390  93.040 111.220
  98.660  94.720 113.880
  97.470  94.820 117.580
  99.960  97.880 118.110
  98.140  99.680 115.270
  95.930 102.550 116.820
  92.190 102.700 115.420
  90.510 106.140 114.880
  88.830 108.270 117.640
  85.240 107.790 116.300
  83.080 104.500 116.640
  80.930 104.190 113.500
  78.830 100.970 113.900
  76.500 101.300 114.930
  76.130 100.870 114.100
  75.700 101.630 116.100
  74.760 101.950 115.650
  76.210 102.350 116.740
  75.700 100.480 117.150
  75.930  99.320 116.810
  75.210 100.000 119.490
  71.500  99.210 120.570
  70.610  98.820 124.250
  67.850  96.690 125.720
  66.530  98.440 128.850
  65.910  97.520 131.050
  66.480  98.290 131.370
  65.290  96.570 132.010
  65.820  95.640 131.810
  64.220  96.450 131.860
  65.550  96.880 133.530
  65.960  98.040 133.790
  65.540  96.030 135.820
  69.230  96.970 135.880
  69.160 100.140 133.840
  65.700 101.980 133.600
  66.400 104.900 135.970
  67.230 108.470 134.660
  70.730 108.290 136.370
  71.630 104.960 134.640
  70.520 106.040 131.170
  72.690 109.170 131.480
  75.800 106.970 132.310
  74.840 104.610 129.470
  74.690 107.410 126.790
  78.200 108.410 127.920
  79.160 104.750 127.650
  78.190 104.800 125.420
  77.490 105.360 125.880
  78.120 104.460 123.990
  78.530 103.460 123.820
  78.490 105.270 123.350
  76.770 104.200 123.440
  76.620 103.990 122.220
  74.260 103.940 123.640
  72.820 105.050 120.190
  69.160 103.600 120.570
  66.940 102.340 123.410
  65.030  99.240 122.300
  61.880  98.510 124.430
  60.080  95.130 124.040
  56.390  94.090 124.410
  56.790  90.440 125.230
  56.940  91.780 128.920
  55.960  93.530 130.140
  55.530  92.750 130.630
  55.660  94.920 130.610
  56.300  95.630 130.080
  55.850  95.090 131.670
  54.210  95.310 130.310
  53.390  94.480 129.780
  52.520  97.260 130.340
  51.610 100.710 128.870
  52.370 102.810 132.120
  55.700 100.910 132.910
  57.150 101.530 129.380
  55.550 105.140 129.480
  57.770 106.230 132.340
  60.880 104.460 130.640
  60.310 106.470 127.450
  60.150 109.780 129.420
  63.280 108.540 131.420
  65.330 107.970 128.140
  64.220 111.450 126.970
  64.820 113.280 130.330
  68.260 111.400 130.520
  68.920 112.770 126.970
  67.690 116.370 127.350
  69.790 116.640 130.450
  72.560 117.070 127.900
  70.580 119.690 125.960
  72.810 122.560 127.380
  75.270 122.720 124.420
  73.820 121.670 121.090
  77.450 120.890 119.890
  77.990 118.290 122.670
  74.380 116.960 122.610
  73.810 113.370 121.080
  70.400 112.250 119.760
  69.110 108.870 121.110
  66.410 106.710 119.420
  63.600 104.600 120.890
  62.510 101.330 119.150
  59.210  99.230 119.510
  60.050  95.560 119.630
  56.660  93.640 119.190
  55.750  90.490 121.130
  54.620  89.850 119.070
  53.990  90.610 119.270
  54.350  89.040 117.820
  55.240  89.020 117.190
  53.540  89.530 117.280
  53.780  87.680 118.130
  53.360  87.420 119.270
  53.270  85.370 117.190
  55.160  84.320 120.390
  54.160  81.010 122.310
  54.920  80.230 126.020
  54.240  77.820 128.930
  52.730  77.700 130.880
  52.750  76.690 130.850
  52.090  78.320 132.030
  51.220  77.670 132.100
  51.810  79.340 131.770
  52.950  78.430 133.330
  54.180  78.340 133.170
  53.080  78.900 135.730
  54.590  76.320 138.050
  52.490  74.970 141.050
  52.590  75.850 143.370
  51.590  75.750 143.400
  53.230  76.260 144.570
  52.540  76.820 145.190
  54.100  76.870 144.320
  53.790  75.030 145.400
  53.630  73.800 145.090
  54.860  76.730 147.030
  56.900  78.000 147.490
  56.330  78.830 147.550
  58.350  78.080 147.820
  58.590  77.140 148.320
  58.590  78.890 148.510
  59.230  78.240 146.600
  58.850  78.840 145.590
  61.390  77.750 145.510
  59.420  75.840 142.870
  61.070  74.570 139.630
  60.620  71.130 138.020
  63.640  69.000 136.880
  62.410  67.240 133.660
  64.110  63.840 133.000
  65.080  62.310 129.620
  63.450  60.640 128.900
  63.190  61.350 128.240
  62.770  59.300 128.810
  63.270  58.490 129.340
  62.700  59.090 127.740
  61.360  59.340 129.450
  60.520  58.550 129.110
  59.890  60.460 131.150
  56.260  60.950 130.090
  54.590  64.340 130.210
  51.040  65.300 129.210
  50.550  68.870 127.500
  47.130  70.560 128.070
  45.140  73.580 126.980
  42.360  73.930 129.590
  42.700  77.320 131.360
  42.140  75.370 134.640
  45.660  74.090 134.270
  47.560  77.450 133.710
  48.830  77.900 137.410
  49.180  74.050 138.040
  52.180  72.860 136.040
  54.480  70.100 137.150
  56.220  66.940 135.750
  52.630  65.410 135.150
  50.790  68.410 133.360
  52.270  71.550 131.590
  49.820  74.230 130.140
  50.460  75.900 126.800
  49.520  79.490 125.510
  48.340  78.550 121.880
  45.100  76.570 121.360
  45.400  75.530 117.730
  48.580  73.510 118.670
  46.540  70.270 118.190
  45.400  71.700 114.840
  48.980  72.390 113.540
  50.990  69.530 115.170
  51.080  65.630 114.770
  52.440  62.360 116.180
  54.910  62.370 116.410
  54.730  62.330 117.400
  56.330  62.340 115.970
  56.460  62.060 114.920
  56.870  61.570 116.530
  56.920  63.730 116.010
  58.110  63.840 115.900
  56.710  66.170 116.040
  59.340  67.690 118.480
  58.860  70.690 120.800
  61.590  73.130 121.960
  61.200  74.920 125.370
  63.330  77.560 127.110
  65.670  79.090 124.450
  65.170  76.870 123.310
  64.250  77.140 123.610
  65.300  75.610 122.570
  65.780  75.840 121.620
  64.260  75.270 122.570
  66.210  74.550 123.310
  66.830  73.700 122.680
  67.260  73.860 125.480
  64.480  71.370 126.830
  62.870  69.140 124.200
  59.840  66.920 124.130
  58.440  64.500 121.450
  54.700  63.930 120.650
  53.500  60.240 120.840
  49.540  60.500 121.240
  47.170  63.320 119.990
  45.050  64.240 120.930
  45.660  64.990 121.210
  43.590  64.430 121.050
  43.330  64.290 122.100
  43.030  63.730 120.430
  43.180  65.910 120.660
  44.040  66.660 120.250
  41.420  67.710 120.390
  42.580  69.520 123.550
  45.860  67.640 124.490
  49.150  65.900 123.460
  51.410  63.340 125.290
  55.210  63.850 125.010
  58.290  62.110 126.310
  61.530  63.960 127.190
  64.220  64.030 124.530
  66.390  66.510 126.410
  66.430  66.800 128.900
  67.270  66.240 128.810
  66.120  67.240 130.230
  66.430  66.450 130.910
  65.050  67.440 130.310
  66.930  68.550 130.570
  67.820  69.080 129.880
  66.550  69.050 131.770
  65.870  68.550 132.320
  66.940  70.400 132.240
  66.910  71.180 131.480
  67.930  70.330 132.690
  66.070  70.800 133.430
  65.490  69.990 134.180
  65.180  72.610 134.870
  61.800  74.220 133.970
  61.040  76.340 134.680
  61.600  76.700 133.930
  60.350  77.420 135.460
  61.090  78.170 135.710
  60.030  77.040 136.430
  59.030  77.880 134.850
  58.560  77.280 133.850
  57.200  79.580 134.960
  56.290  81.030 131.540
  59.150  79.900 129.200
  59.310  80.320 126.770
  60.140  80.840 127.000
  58.970  80.260 125.370
  59.750  80.790 124.820
  58.080  80.850 125.170
  58.990  78.870 124.790
  59.800  78.040 125.160
  58.110  77.500 122.990
  59.080  76.930 119.330
  57.320  74.530 116.740
  59.860  73.720 113.850
  58.920  73.390 111.660
  59.450  74.210 111.400
  58.160  72.790 110.570
  58.470  71.750 110.520
  58.400  73.280 109.630
  56.590  72.940 110.670
  55.840  72.450 109.830
  54.640  73.820 112.000
  52.740  76.310 110.060
  51.440  78.400 113.000
  48.070  80.140 112.180
  48.820  83.040 114.570
  48.920  86.510 113.010
  51.910  88.840 112.470
  50.180  91.420 114.670
  47.590  90.190 117.250
  45.070  92.600 118.920
  47.650  92.730 121.780
  50.420  93.960 119.330
  48.120  96.300 117.360
  47.560  98.200 120.620
  51.210  98.510 121.470
  51.830  99.700 117.870
  48.880 102.240 118.110
  50.490 103.150 121.490
  52.700 103.120 120.410
  52.420 102.190 120.120
  54.000 103.690 120.030
  54.480 102.910 119.440
  54.580 103.920 120.920
  53.850 105.000 119.160
  54.590 105.900 119.400
  52.570 106.340 117.590
  50.920 108.320 120.520
  54.480 107.820 122.130
  56.430 109.170 119.110
  58.920 106.290 118.610
  61.590 106.110 115.850
  61.700 102.450 114.790
  59.510  99.280 114.870
  61.610  96.000 115.160
  58.940  93.690 113.890
  59.010  90.160 115.520
  58.620  86.720 113.710
  57.930  87.860 110.130
  57.370  85.180 107.460
  56.150  86.950 104.170
  55.700  90.550 102.700
  51.910  90.790 103.720
  53.140  90.780 107.330
  55.250  93.910 106.770
  52.390  95.470 104.720
  49.960  94.810 107.670
  52.380  96.500 110.130
  52.760  99.470 107.700
  48.900  99.850 107.690
  48.760  99.640 111.550
  51.080 102.710 111.530
  49.340 103.770 110.050
  49.250 102.830 109.690
  48.560 104.800 109.280
  47.830 105.300 109.920
  48.090 104.190 108.510
  49.380 105.960 108.710
  50.630 105.910 108.510
  49.400 108.380 108.200
  50.310 109.530 111.870
  51.960 107.740 111.540
  51.370 107.450 110.770
  53.040 106.840 111.870
  52.650 105.900 112.270
  53.730 107.310 112.570
  53.890 106.450 110.670
  54.910 105.830 110.840
  54.240 106.630 108.100
  57.700 108.250 109.170
  58.480 105.440 111.690
  60.850 102.970 110.100
  59.950  99.190 109.960
  62.960  97.020 110.680
  61.940  93.330 110.010
  63.240  90.590 112.300
  64.330  87.340 110.760
  63.680  84.420 113.130
  62.490  81.440 111.010
  63.090  79.390 107.700
  60.390  81.140 105.770
  61.190  83.310 106.670
  61.120  82.850 107.560
  61.700  84.750 106.600
  61.820  85.150 107.610
  60.940  85.370 106.120
  63.130  84.880 105.970
  63.410  85.930 105.400
  65.020  83.620 104.890
  62.980  81.830 102.110
  61.090  85.120 101.360
  63.940  87.480 102.390
  63.880  89.140  99.000
  60.110  90.340  99.190
  60.500  91.050 102.970
  63.560  93.300 102.350
  61.690  95.170  99.460
  58.870  95.860 102.010
  61.200  96.700 104.920
  63.260  99.780 105.620
  64.800  98.210 106.720
  63.950  98.030 107.230
  65.990  97.660 107.330
  66.360  98.370 108.060
  66.780  97.540 106.590
  65.710  96.240 107.970
  64.540  95.760 108.120
  66.730  94.220 108.800
  67.310  92.780 112.330
  69.210  89.460 112.450
  67.510  88.160 115.610
  69.630  85.040 115.970
  68.200  84.480 117.920
  67.670  85.320 117.730
  67.750  83.580 118.990
  67.170  84.160 119.710
  68.640  83.150 119.460
  66.870  82.480 118.530
  67.390  81.350 118.380
  64.660  81.750 117.740
  66.440  81.490 114.290
  68.110  80.270 115.310
  68.320  81.140 115.780
  68.680  78.990 115.930
  69.600  79.320 116.420
  68.960  78.330 115.110
  67.930  78.150 116.890
  68.490  77.620 117.880
  65.760  76.900 117.270
  63.560  76.960 114.030
  66.590  76.070 111.930
  69.780  74.150 113.140
  72.560  75.940 114.940
  74.890  74.980 112.060
  72.920  77.390 109.770
  72.740  80.690 111.760
  76.080  81.900 110.270
  75.070  81.140 106.510
  71.890  83.260 107.280
  73.830  85.980 109.130
  76.280  86.420 106.180
  73.440  86.250 103.540
  71.110  88.810 105.430
  73.950  91.310 106.060
  75.100  90.810 103.830
  75.310  89.930 104.280
  75.470  91.050 102.440
  75.860  90.080 102.130
  76.220  91.830 102.380
  74.370  91.640 101.510
  74.700  92.640 100.920
  72.020  91.320 100.610
  70.960  94.180 102.930
  74.420  95.920 102.300
  73.610  95.460  98.490
  70.080  97.000  98.790
  71.420  98.670  99.900
  71.990  97.850 100.090
  71.760 100.010 100.350
  71.560 100.670  99.500
  72.820 100.110 100.580
  70.910 100.390 101.610
  70.730 101.580 101.990
  69.670  99.450 103.630
  70.870  99.230 107.260
  71.240  95.940 109.230
  71.350  95.070 112.920
  73.080  91.850 114.170
  71.700  90.610 117.600
  70.990  88.170 120.440
  73.740  86.220 122.340
  76.780  88.390 121.590
  77.940  89.080 125.200
  75.460  87.050 127.430
  78.180  86.040 129.950
  78.210  89.820 130.760
  74.820  89.480 132.520
  76.920  87.790 135.200
  80.610  88.610 134.690
  82.800  91.850 133.900
  84.860  90.540 130.920
  83.450  88.440 127.980
  83.840  84.930 126.620
  86.510  84.480 123.940
  83.750  83.430 121.470
  81.740  86.560 122.540
  83.760  87.980 122.350
  84.080  87.290 123.010
  84.700  89.010 121.810
  85.670  89.050 122.300
  84.090  89.910 121.930
  85.020  88.820 120.350
  85.360  89.790 119.680
  85.220  87.160 118.490
  81.480  87.040 117.430
  80.990  90.770 118.180
  83.780  91.600 115.780
  82.560  89.210 113.090
  79.240  91.000 112.890
  80.950  94.280 112.040
  83.570  92.620 109.680
  80.490  91.090 107.810
  80.040  93.540 107.610
  80.770  93.650 108.290
  79.330  94.750 107.240
  79.200  94.870 106.160
  80.020  95.540 107.540
  78.050  94.930 107.940
  77.270  95.670 107.390
  76.670  94.960 109.910
  75.420  98.600 110.430
  74.380  97.940 114.110
  75.130  95.540 117.000
  73.060  94.760 119.990
  72.820  93.960 123.740
  69.660  91.800 124.280
  70.050  91.090 126.620
  71.010  91.180 126.320
  69.700  91.140 128.080
  69.170  90.220 128.310
  68.960  91.920 128.220
  70.810  91.550 129.020
  70.520  92.200 130.020
  73.250  92.050 129.100
  72.140  95.760 129.330
  68.990  95.030 131.180
  69.160  92.170 133.800
  71.570  92.390 134.220
  71.620  93.100 133.500
  72.800  92.040 134.830
  73.490  91.720 134.040
  72.700  91.190 135.510
  73.550  93.010 135.680
  73.020  94.100 135.990
  75.530  93.370 137.110
  77.820  94.910 134.440
  75.160  96.530 132.030
  77.340  99.660 131.290
  80.710  97.750 131.000
  78.810  95.480 128.350
  78.190  98.750 126.290
  81.730  99.970 126.940
  83.060  96.670 125.490
  81.060  97.020 122.280
  82.350 100.610 121.840
  86.050  99.230 121.940
  85.530  95.970 119.720
  83.630  97.810 116.920
  86.330 100.450 116.330
  89.220  97.840 116.070
  87.040  95.950 113.500
  86.030  99.250 111.630
  89.810  99.570 110.840
  90.290  95.820 109.990
  87.730  95.910 107.100
  88.970  95.490 103.490
  87.980  99.030 102.450
  89.250  99.260  98.830
  87.610  95.930  97.890
  84.430  96.370 100.030
  83.960  99.700  98.040
  84.830  97.990  94.690
  82.210  95.340  95.130
  79.430  97.730  96.550
  79.850  99.800  93.330
  79.770  96.510  91.220
  76.540  95.630  93.100
  74.960  98.930  92.070
  76.420  99.370  88.550
  72.740  99.150  87.100
  71.790 102.380  88.980
  72.500 105.820  87.320
  71.280 107.880  90.350
  72.620 111.490  91.050
  73.020 111.200  94.870
  74.690 107.750  94.420
  77.370 109.430  92.250
  77.900 112.350  94.730
  78.300 109.850  97.630
  80.790 107.590  95.560
  81.700 109.720  94.700
  80.750 109.980  94.480
  82.780 110.740  94.520
  82.390 111.590  93.970
  83.510 110.200  93.910
  83.360 111.170  95.850
  84.590 111.170  95.950
  82.890 111.910  98.090
  83.750 108.380  99.520
  86.610 107.760  97.020
  87.910 111.380  97.630
  87.750 110.860 101.410
  90.360 108.010 101.120
  92.610 109.770  98.530
  93.610 112.590 100.810
  93.170 110.580 104.120
  90.310 112.940 105.190
  89.490 113.010 108.960
  85.690 113.380 108.340
  82.890 113.680 105.810
  80.270 116.490 106.660
  76.670 116.220 105.290
  73.620 118.680 105.730
  70.140 116.960 105.370
  66.670 116.840 106.920
  65.310 113.650 105.330
  67.380 112.650 105.770
  67.640 113.620 105.720
  68.450 111.720 105.990
  67.990 110.970 106.640
  69.220 112.210 106.590
  69.000 111.090 104.710
  70.130 110.590 104.690
  68.580 110.440 102.320
  71.810 112.310 101.390
  73.790 110.660 104.250
  71.830 107.320 104.140
  73.160 107.150 100.480
  76.720 108.030 101.820
  76.870 105.470 104.540
  75.920 102.480 102.200
  79.140 103.160 100.340
  81.060 102.600 103.640
  83.910 105.190 104.110
  86.320 104.320 107.040
  86.050 107.870 108.480
  83.000 109.270 110.380
  80.190 111.030 108.600
  78.970 114.070 110.570
  75.310 114.360 109.430
  73.730 117.750 110.440
  69.900 118.090 110.760
  67.140 120.510 112.170
  64.620 117.520 112.400
  64.820 115.420 115.770
  63.230 112.340 114.080
  65.930 112.330 111.240
  68.680 112.820 113.880
  67.180 110.010 116.000
  66.880 107.660 112.980
  70.460 108.020 111.540
  71.980 105.530 114.180
  70.570 102.670 111.940
  73.490 103.040 109.420
  77.250 102.380 109.840
  78.300 104.530 110.090
  78.240 104.320 111.080
  79.050 105.740 109.800
  79.210 105.800 108.720
  80.020 105.690 110.290
  78.450 107.070 110.140
  79.150 108.040 110.230
  76.400 108.340 110.470
  77.130 110.670 113.490
  73.780 112.530 113.910
  73.840 115.940 115.470
  70.870 118.230 115.780
  71.330 121.910 115.190
  68.850 124.350 116.780
  69.980 127.650 115.050
  67.470 129.700 113.110
  67.230 129.720 109.270
  69.420 132.560 107.780
  68.150 135.190 105.080
  70.850 134.180 102.490
  71.300 130.600 101.440
  75.060 130.670 101.430
  74.780 132.220 105.070
  72.590 129.290 106.270
  74.920 126.610 104.580
  77.870 128.440 106.350
  76.110 128.480 109.740
  75.630 124.650 109.660
  79.050 123.680 108.120
  80.710 125.760 110.890
  78.480 123.770 113.370
  79.900 120.390 112.210
  83.380 121.970 112.340
  82.820 122.410 116.140
  81.000 119.090 116.660
  82.860 118.140 115.460
  82.410 118.730 114.780
  84.060 117.460 115.020
  84.350 117.780 114.020
  83.730 116.430 114.940
  85.320 117.670 115.840
  86.290 116.780 115.820
  86.490 119.170 117.580
  84.150 118.650 120.640
  84.260 114.830 120.060
  86.530 115.250 119.270
  86.390 116.240 119.390
  87.950 114.850 119.030
  88.270 114.250 119.880
  88.530 115.770 119.000
  88.180 114.070 117.660
  89.180 113.390 117.520
  87.550 113.460 115.330
  89.590 116.410 113.780
  91.810 119.500 114.330
  93.080 122.440 112.300
  93.720 121.940 110.070
  92.860 122.450 109.940
  94.420 121.360 108.890
  95.450 121.710 108.870
  93.900 121.810 108.050
  94.350 119.910 108.700
  94.900 119.400 107.700
  92.960 117.990 108.990
  91.130 117.400 105.680
  87.280 117.230 105.300
  84.770 116.430 102.530
  81.680 118.780 102.770
  78.340 117.720 100.970
  75.810 120.570 100.580
  73.590 121.310  99.460
  73.180 121.470 100.370
  72.830 121.730  98.210
  71.740 121.730  98.280
  72.910 121.040  97.370
  73.450 123.040  97.630
  73.920 123.950  98.340
  73.840 124.420  95.640
  70.470 126.310  96.140
  67.370 126.090  98.510
  66.330 124.990  96.630
  66.600 125.780  96.060
  65.580 123.940  95.870
  65.320 124.420  94.920
  64.660 123.660  96.370
  66.350 122.690  95.420
  65.690 121.750  94.940
  68.490 121.320  95.080
  67.380 119.990  96.910
  67.290 120.850  97.430
  66.890 118.760  97.500
  66.350 118.180  96.750
  66.150 119.020  98.250
  67.970 117.930  98.060
  68.390 118.110  99.170
  69.810 116.280  97.580
  73.430 117.360  98.440
  74.710 118.030  94.780
  77.600 120.290  95.810
  80.870 118.740  97.260
  84.140 120.470  98.400
  87.440 119.300  99.680
  88.650 121.750 102.400
  90.990 121.880 105.500
  89.440 122.330 109.030
  90.350 125.760 110.470
  74.500  99.690  73.670
  76.440 103.070  73.000
  80.180 103.550  73.360
  81.160  99.820  73.920
  79.280 100.010  77.290
  78.690  96.120  77.330
  82.520  95.290  77.160
  83.030  98.040  79.900
  80.940  95.770  82.260
  82.610  92.440  81.510
  84.670  92.000  84.820
  87.170  89.730  82.890
  89.690  91.100  80.420
  89.100  88.140  78.040
  85.380  88.940  78.280
  86.100  92.680  77.490
  87.930  91.430  74.310
  84.850  89.220  73.640
  81.960  91.790  74.300
  83.190  93.940  71.390
  80.470  95.080  68.950
  81.390  96.820  65.590
  77.670  98.020  65.630
  78.090  99.830  69.060
  78.460 103.620  68.200
  81.150 105.720  69.930
  81.300 109.140  71.600
  80.960 112.270  69.260
  84.270 113.750  70.870
  87.700 112.180  70.310
  90.040 111.960  73.390
  93.500 111.350  72.060
  95.050 113.220  71.410
  95.660 112.910  72.150
  95.470 114.370  70.590
  96.180 114.940  71.200
  94.630 115.070  70.570
  96.150 113.890  69.290
  96.730 112.820  69.340
  96.760 114.520  66.850
 100.030 116.340  66.170
 100.570 117.000  62.410
 103.940 117.430  60.830
 103.920 120.520  58.560
 104.740 120.490  56.250
 103.770 120.600  55.990
 105.670 120.540  55.090
 106.170 119.580  54.980
 106.490 121.250  55.220
 105.010 120.940  53.780
 103.930 121.480  53.730
 105.170 121.080  51.310
 101.790 119.260  51.200
 100.290 121.370  53.980
 102.180 124.760  54.220
  99.200 126.830  52.800
  96.670 128.760  54.870
  93.880 127.120  52.820
  95.070 123.610  53.720
  95.850 124.550  57.340
  92.220 125.730  57.990
  90.830 122.440  56.640
  93.440 120.470  58.600
  92.180 122.070  61.850
  88.590 121.280  60.670
  89.640 117.670  60.120
  90.610 117.850  62.430
  90.710 118.830  62.190
  90.970 117.430  63.750
  90.990 116.350  63.870
  90.230 117.760  64.490
  92.390 117.770  64.230
  92.810 117.140  65.180
  94.610 118.930  64.010
  95.550 119.820  67.570
  99.310 120.720  67.220
 101.390 121.970  64.220
 104.970 120.410  64.600
 107.980 121.700  62.630
 111.300 119.910  62.680
 114.470 121.980  62.350
 116.740 119.250  60.690
 115.530 121.140  57.390
 114.890 123.240  56.280
 115.610 123.060  55.590
 114.110 124.530  56.160
 113.050 124.510  56.420
 114.180 124.860  55.120
 114.860 125.550  57.000
 115.200 125.290  58.140
 115.620 127.910  57.210
 114.510 130.400  59.960
 112.780 132.530  57.310
 110.980 129.420  55.970
 110.060 128.560  59.610
 108.860 132.130  60.680
 106.780 132.150  57.410
 105.200 128.700  58.330
 104.560 129.760  62.000
 102.840 132.910  60.550
 100.650 130.710  58.250
  99.730 128.300  61.030
  98.590 131.210  63.280
  96.940 132.760  60.260
  94.690 129.570  60.040
  94.070 129.240  63.820
  92.900 132.820  64.570
  90.680 133.090  61.380
  87.970 131.300  63.600
  88.240 133.790  66.570
  85.100 135.780  65.380
  83.150 133.540  67.840
  85.130 132.160  70.820
  82.560 129.260  71.310
  83.310 128.070  67.840
  87.040 128.840  67.980
  89.580 126.000  68.300
  93.050 126.440  69.840
  96.030 124.810  68.080
  99.670 124.810  69.500
 102.970 125.540  67.770
 105.520 122.850  68.550
 109.370 122.740  67.900
 111.440 119.690  67.060
 115.280 119.910  67.250
 117.980 118.610  64.780
 119.570 118.390  66.680
 119.560 119.400  66.670
 120.320 117.730  67.710
 119.720 117.000  68.250
 120.750 118.440  68.420
 121.520 117.070  67.150
 121.920 117.390  65.990
 123.320 115.440  67.470
 122.360 114.020  63.960
 124.740 112.360  61.350
 124.050 112.700  57.560
 125.620 111.830  54.240
 126.770 113.200  52.480
 127.510 112.510  52.420
 126.800 114.210  51.390
 127.800 114.290  50.960
 126.640 115.160  51.910
 125.800 114.050  50.230
 124.810 113.340  50.280
 125.350 114.690  47.920
 125.780 112.330  44.900
 127.970 113.970  42.140
 127.170 114.980  40.120
 127.740 115.780  40.370
 126.290 115.200  38.900
 126.560 116.180  38.510
 125.230 115.230  39.140
 126.600 114.240  37.720
 127.660 113.640  37.610
 124.410 114.860  36.710
 121.980 114.540  36.240
 122.060 115.500  36.550
 120.670 113.860  36.010
 120.870 113.060  35.300
 119.990 114.610  35.620
 120.040 113.330  37.330
 120.410 113.770  38.470
 118.610 111.540  38.420
 121.780 110.310  40.150
 121.350 107.240  42.490
 123.910 104.670  43.640
 122.750 101.050  43.520
 124.740  99.100  46.210
 125.230  95.220  45.810
 125.940  92.720  48.650
 128.170  92.190  49.310
 127.760  92.550  50.160
 129.580  91.840  49.220
 129.830  90.930  48.670
 129.990  91.860  50.230
 130.440  92.850  48.440
 131.620  92.500  48.110
 130.720  95.060  47.520
 133.110  97.660  49.260
 132.620 101.390  50.000
 135.190 103.980  51.250
 133.950 106.690  53.500
 135.800 109.980  54.260
 135.490 113.150  56.340
 137.580 115.240  53.920
 135.630 118.410  52.870
 136.590 118.010  49.100
 133.810 115.160  49.120
 130.610 117.100  50.360
 128.780 116.750  46.910
 131.300 114.370  45.210
 130.010 111.000  46.430
 129.810 108.030  43.910
 129.800 104.160  43.810
 133.350 104.360  45.370
 133.440 107.270  48.010
 130.860 108.670  50.560
 131.200 111.940  52.780
 129.780 112.470  56.320
 129.540 115.420  58.700
 130.740 113.440  61.910
 134.370 114.400  62.370
 135.300 111.860  65.220
 133.810 108.560  63.900
 137.220 106.730  63.470
 137.430 107.110  67.340
 134.050 105.430  68.250
 133.590 102.950  65.300
 136.000  99.880  65.150
 136.840  97.050  62.620
 134.990  95.560  62.390
 134.820  96.200  61.620
 133.890  94.640  62.570
 134.150  93.930  63.360
 133.730  94.170  61.600
 132.520  95.310  62.830
 131.510  94.640  62.730
 131.210  97.250  63.650
 128.130  98.130  61.590
 126.850 101.390  60.250
 123.150 101.840  59.360
 122.060 104.210  56.590
 118.730 105.580  55.140
 116.600 104.750  58.110
 118.130 102.790  58.400
 118.830 103.430  58.050
 118.530 101.400  58.470
 117.930 100.900  59.230
 119.570 101.350  58.780
 118.500 100.610  57.240
 119.060  99.530  57.220
 117.670 100.020  54.970
 121.290  99.860  53.720
 124.030  98.180  55.860
 127.840  98.430  55.840
 130.550  96.720  57.970
 134.070  98.160  58.770
 137.010  96.170  57.450
 139.900  98.640  57.470
 140.470 101.910  59.260
 141.570 104.120  58.670
 140.620 104.460  58.650
 142.690 104.990  59.000
 142.850 105.580  58.090
 143.600 104.470  59.290
 142.390 106.090  60.070
 141.320 106.100  60.700
 143.190 108.240  61.120
 140.550 110.120  58.910
 138.810 107.450  56.700
 136.990 104.090  56.740
 136.690 101.100  54.390
 133.490  99.050  54.630
 131.840  95.930  53.030
 128.050  95.920  52.100
 125.950  93.560  54.440
 122.650  94.730  52.790
 122.480  95.460  50.450
 122.390  94.490  50.200
 122.290  96.350  49.280
 122.310  95.720  48.390
 123.140  97.010  49.150
 121.010  97.180  49.190
 120.040  96.910  49.840
 120.980  98.110  48.240
 121.760  98.220  47.610
 119.810  99.000  48.040
 119.490  99.260  49.050
 119.030  98.540  47.430
 120.250 100.280  47.370
 121.440 100.430  47.130
 119.510 102.530  46.310
 121.410 105.610  47.940
 120.410 107.820  47.680
 119.720 107.540  48.360
 120.210 109.210  47.370
 119.150 109.410  47.550
 120.540 109.450  46.360
 120.990 110.030  48.360
 121.820 109.670  49.180
 121.590 112.340  49.140
 121.730 113.770  52.620
 120.610 110.530  54.340
 120.300 109.930  56.650
 119.320 109.780  56.440
 120.790 109.760  58.090
 119.990 109.720  58.820
 121.390 110.600  58.440
 121.660 108.520  58.210
 121.380 107.440  57.610
 123.540 107.500  59.500
 123.070 105.650  62.710
 125.900 103.810  64.590
 124.580 100.700  66.580
 125.660 100.130  68.670
 124.730 100.310  69.010
 126.740  99.940  69.670
 127.170  98.960  69.460
 126.360  99.890  70.690
 127.980 100.900  69.730
 128.860 100.680  70.570
 129.000 103.000  68.990
 128.880 105.840  71.660
 129.110 109.070  69.720
 130.570 112.150  71.480
 128.200 114.630  69.790
 126.390 117.000  72.560
 122.600 117.330  73.560
 122.490 120.810  71.980
 124.930 122.160  69.430
 125.530 125.970  69.240
 123.300 125.670  65.950
 120.580 124.090  68.070
 121.010 126.960  70.770
 120.130 129.340  67.950
 116.940 127.430  67.060
 115.730 127.220  70.670
 116.160 131.000  71.200
 114.440 131.330  67.710
 112.800 129.690  68.400
 113.650 129.150  68.510
 111.500 129.220  68.870
 111.480 128.140  69.010
 110.760 129.600  68.160
 110.960 129.890  70.180
 109.740 129.980  70.340
 111.290 131.490  72.110
 111.030 134.730  69.880
 108.470 132.720  67.650
 106.380 131.990  70.990
 106.380 128.120  70.540
 104.160 126.300  73.210
 106.240 123.020  73.420
 109.760 121.860  72.510
 110.600 118.230  71.360
 114.350 117.820  72.420
 115.770 115.240  69.900
 118.180 112.320  70.690
 118.110 112.260  74.660
 120.410 109.860  76.600
 120.380 111.220  80.280
 118.450 113.840  82.460
 121.380 116.260  82.130
 120.430 116.460  78.380
 116.890 117.720  79.310
 118.430 120.350  81.740
 120.850 121.550  79.030
 117.750 122.520  76.880
 116.020 124.050  80.110
 118.980 126.510  80.720
 119.070 127.280  76.950
 115.350 128.300  76.980
 115.840 129.030  79.160
 116.080 128.060  79.290
 115.970 129.810  80.370
 116.740 130.560  80.180
 116.280 129.180  81.200
 114.690 130.480  80.970
 113.610 129.890  80.880
 113.560 132.330  82.030
 112.370 133.520  78.560
 111.770 131.130  78.350
 112.550 130.990  78.970
 111.080 129.950  77.960
 111.580 129.350  77.200
 110.110 130.300  77.600
 110.780 129.000  79.150
 110.660 127.780  79.040
 110.390 128.800  81.560
 106.710 128.170  80.620
 107.750 126.260  77.480
 107.200 122.410  78.000
 110.120 120.120  77.160
 109.150 116.830  75.590
 112.140 114.400  75.370
 112.610 112.070  72.390
 113.770 108.600  73.230
 116.020 107.620  70.150
 118.870 105.610  71.770
 119.280 102.630  74.390
 120.670 104.950  77.170
 118.710 106.320  76.570
 119.100 106.210  75.640
 117.380 106.960  76.850
 117.040 107.290  75.870
 117.410 107.800  77.540
 116.330 106.040  77.430
 115.440 106.490  78.170
 115.520 103.720  77.640
 117.980 102.550  80.520
 117.980 106.050  82.190
 114.210 106.520  81.510
 113.020 107.260  84.980
 115.380 110.210  85.550
 114.470 111.650  82.100
 110.740 111.220  82.820
 111.320 113.000  86.130
 113.060 116.010  84.480
 110.940 116.400  81.340
 107.390 117.850  81.090
 107.150 116.090  79.380
 108.120 116.260  79.170
 106.580 114.980  78.570
 105.830 115.450  77.940
 105.990 114.320  79.210
 107.570 114.110  77.760
 108.780 114.340  77.790
 107.890 112.020  76.500
 107.880 111.220  72.710
 108.340 107.580  71.670
 110.180 108.450  68.450
 110.130 104.870  67.030
 111.150 105.850  65.010
 110.620 106.650  65.320
 112.010 105.910  63.810
 111.990 106.950  63.490
 111.620 105.230  63.050
 113.480 105.460  64.050
 113.780 104.290  63.760
 115.760 105.970  64.980
 114.740 104.090  68.100
 113.850 102.250  66.590
 113.190 102.930  66.240
 113.900 100.950  65.970
 113.060 100.660  65.340
 113.850 100.220  66.770
 115.110 100.560  65.090
 115.100  99.550  64.460
 117.340 101.240  64.220
 120.000 101.420  67.220
 117.850  98.810  69.120
 116.790  95.540  67.320
 113.490  96.100  65.370
 111.790  92.990  66.930
 112.130  94.500  70.530
 110.640  98.000  69.830
 106.970  97.280  70.960
 108.500  96.510  74.440
 109.930 100.010  74.930
 106.590 101.540  73.450
 104.150  99.760  75.850
 106.670 100.160  78.800
 107.360 103.940  78.420
 103.550 104.640  77.990
 103.080 103.070  79.760
 103.570 102.380  79.210
 102.610 102.680  81.090
 102.890 101.650  81.310
 101.530 102.780  81.140
 103.250 103.500  82.210
 102.540 103.810  83.190
 105.370 104.600  83.110
 104.090 107.960  81.840
 100.440 107.060  82.690
 101.140 106.290  86.340
 103.300 109.490  86.460
 101.320 110.740  85.550
 100.860 109.860  85.400
 100.560 111.970  85.220
 100.570 112.640  86.080
  99.550 111.680  84.940
 101.180 112.800  84.100
 100.580 113.850  83.770
 102.970 113.280  82.360
 101.890 113.440  78.670
 103.390 111.000  76.100
 103.370 110.980  72.180
 103.400 107.750  70.060
 104.870 108.390  66.660
 106.270 107.560  63.200
 105.210 105.190  60.290
 101.780 105.170  62.070
  99.850 105.570  58.740
 102.740 105.690  56.320
 101.060 104.060  53.320
  98.900 107.260  52.960
 101.960 109.210  51.710
 100.800 107.670  48.350
  97.490 105.900  49.120
  93.810 107.070  50.030
  93.380 104.260  52.620
  95.910 102.900  55.220
  97.020  99.370  55.740
  95.270  96.800  58.140
  98.570  96.970  60.160
  98.550 100.910  60.100
  96.140 100.750  60.390
  96.270 100.370  59.460
  94.790 100.740  60.950
  94.200 100.170  60.230
  94.290 101.700  61.070
  94.750 100.080  62.360
  93.740 100.280  63.000
  95.760  98.330  63.880
  98.970 100.000  65.370
  96.970 103.310  65.640
  94.320 101.420  67.700
  96.960  99.610  69.870
  98.690 103.090  70.440
  95.460 104.330  72.140
  94.450 100.920  73.920
  98.000 101.100  75.460
  97.120 103.300  76.240
  96.440 103.160  75.510
  96.980 104.450  77.050
  97.460 104.230  78.010
  95.930 104.600  77.320
  97.560 105.850  76.660
  97.530 106.830  77.450
  98.990 107.050  74.960
  97.870 110.680  75.010
  98.890 111.760  71.470
  99.420 110.040  68.100
 101.370 111.710  65.170
 101.710 111.930  61.370
 105.440 112.000  60.990
 105.180 112.060  58.590
 104.210 111.870  58.790
 105.540 112.460  57.270
 106.240 111.730  56.850
 106.040 113.430  57.260
 104.360 112.450  56.280
 104.300 113.130  55.240
 101.950 111.620  56.040
 101.080 115.400  56.490
 104.380 116.840  55.250
 105.230 115.210  51.820
 103.140 114.300  50.900
 102.830 115.260  50.880
 102.230 113.270  50.350
 102.000 112.540  51.130
 102.830 112.680  49.660
 100.970 113.990  49.740
 100.750 115.250  49.810
  98.950 113.520  48.430
  96.220 112.580  50.920
  97.360 114.590  54.010
  93.680 115.580  55.080
  92.280 112.090  54.520
  95.180 110.870  56.790
  94.060 113.260  59.630
  90.370 112.270  59.080
  91.390 108.640  59.190
  93.260 109.010  62.540
  90.330 110.820  64.090
  87.970 107.990  62.990
  90.170 105.140  64.340
  91.110 106.800  67.710
  87.530 107.430  69.050
  86.570 103.840  68.300
  89.600 102.440  70.210
  89.200 104.970  73.250
  85.530 103.910  74.000
  86.580 100.080  73.560
  89.100 100.580  76.410
  88.770  98.620  79.700
  88.100 101.950  81.580
  87.660 100.940  85.310
  90.560  98.500  85.330
  92.850 101.320  83.900
  91.490 103.780  86.530
  91.700 101.360  89.530
  95.270 100.150  88.630
  96.500 103.830  88.360
  94.600 104.500  91.760
  96.840 101.410  92.760
 100.030 102.940  91.440
  99.300 106.360  93.170
  98.350 105.080  96.710
 101.620 106.910  97.920
 100.120 110.370  97.240
  97.590 112.270  99.250
  96.880 115.520  97.230
  93.470 117.260  97.540
  93.540 118.000  93.780
  94.150 114.240  93.080
  91.150 113.510  95.400
  89.000 116.030  93.500
  90.070 114.190  90.230
  89.160 110.750  91.430
  87.240 111.850  92.650
  87.950 112.450  93.040
  85.810 111.960  93.060
  85.730 112.700  93.850
  85.520 110.980  93.450
  84.880 112.440  91.930
  83.730 111.980  91.790
  84.910 113.700  89.710
  85.830 110.690  87.530
  83.920 108.090  89.900
  80.800 110.250  89.780
  81.100 110.510  85.830
  81.220 106.650  85.460
  78.310 106.180  87.930
  75.650 108.430  86.420
  77.000 107.990  82.890
  77.710 111.730  82.700
  78.100 113.220  79.140
  81.090 115.470  79.810
  83.330 116.890  82.510
  83.750 120.790  82.950
  86.840 122.350  84.570
  87.690 126.080  85.120
  91.520 126.480  84.870
  94.140 129.230  84.350
  97.330 126.960  84.830
  95.970 125.210  83.570
  95.140 125.760  83.770
  95.800 123.770  83.180
  96.570 123.460  82.480
  94.810 123.580  82.770
  95.850 122.710  84.290
  95.290 121.630  84.090
  96.890 121.960  86.340
  93.580 120.600  87.650
  92.690 119.450  84.090
  96.150 117.750  83.710
  95.160 116.090  87.010
  91.700 114.990  85.650
  93.130 113.690  82.320
  95.660 111.300  83.960
  92.710 109.450  85.650
  91.080 108.820  82.230
  87.260 109.620  81.950
  85.200 108.050  79.030
  83.370 111.300  78.480
  85.320 114.510  77.260
  86.960 117.150  79.620
  85.970 120.790  78.640
  88.690 123.230  80.160
  87.530 126.780  80.030
  90.440 129.250  80.400
  91.200 132.970  79.610
  94.890 132.200  79.300
  95.730 131.510  75.540
  99.010 129.690  76.300
  97.440 127.300  78.840
  94.770 126.430  76.050
  97.430 125.620  73.470
  99.600 123.820  76.020
  96.640 121.610  77.240
  96.380 119.620  73.970
  99.220 117.410  75.150
  96.630 115.830  77.480
  93.970 113.140  76.550
  91.690 113.790  76.270
  92.070 113.990  75.360
  90.300 114.160  76.400
  89.870 113.520  77.180
  89.780 114.010  75.450
  90.060 115.550  76.870
  88.880 115.940  76.910
  90.960 117.720  77.250
  89.130 120.090  74.950
  90.870 123.410  75.790
  88.520 126.400  75.080
  89.400 130.140  75.130
  86.940 132.450  76.990
  87.180 136.210  76.080
  84.860 137.760  78.570
  86.140 140.260  81.330
  86.420 139.200  84.960
  83.070 139.940  86.800
  83.250 142.240  89.930
  82.070 139.240  92.070
  83.340 135.610  91.960
  79.930 133.720  92.150
  79.160 135.620  88.830
  82.670 135.050  87.190
  82.500 131.250  87.980
  78.990 130.960  86.430
  80.060 133.050  83.400
  82.670 130.230  82.570
  80.580 127.210  83.350
  77.850 128.690  81.040
  80.670 129.060  78.390
  81.260 125.320  78.860
  77.510 124.590  78.280
  77.480 126.810  75.160
  80.440 124.900  73.640
  79.530 122.740  74.630
  79.540 123.210  75.530
  79.110 121.390  74.540
  78.740 121.050  75.510
  79.920 120.750  74.200
  77.930 121.190  73.640
  78.070 120.310  72.770
  75.740 122.110  72.770
  77.530 123.610  69.680
  80.180 120.840  69.360
  78.330 119.290  69.860
  77.930 120.050  70.400
  77.670 117.990  70.010
  77.910 117.450  69.090
  76.590 118.140  70.020
  78.180 117.100  71.200
  77.970 115.910  71.190
  79.290 116.830  73.330
  75.870 117.170  75.210
  72.280 118.500  74.960
  69.740 119.970  77.470
  69.340 118.670  79.460
  69.710 119.420  80.020
  69.010 117.440  80.210
  68.180 117.000  79.650
  68.650 117.630  81.220
  70.000 116.330  80.370
  69.890 115.640  81.360
  72.150 115.340  79.750
  73.920 115.150  83.220
  77.590 116.560  83.550
  80.120 116.810  86.340
  81.440 120.400  86.940
  84.700 121.320  88.900
  85.330 124.820  90.330
  86.470 126.460  91.720
  86.320 127.080  90.940
  87.150 127.040  92.910
  87.720 127.880  92.530
  87.810 126.360  93.440
  86.090 127.650  93.840
  85.170 128.320  93.310
  85.250 127.960  96.090
  86.850 131.530  96.180
  89.230 133.660  93.970
  90.860 132.710  95.580
  90.170 132.970  96.260
  92.170 132.210  96.100
  92.450 132.700  97.030
  92.960 132.460  95.390
  92.110 130.690  96.500
  92.880 130.250  97.360
  91.190 128.300  96.340
  93.390 128.280  95.140
  93.100 129.200  94.850
  94.520 127.700  94.430
  95.160 127.100  95.080
  95.000 128.510  93.890
  94.180 126.600  93.400
  94.260 126.870  92.220
  93.270 124.300  93.170
  89.880 123.340  91.780
  88.420 122.280  95.230
  84.640 122.050  94.510
  82.570 119.570  92.410
  78.970 119.330  91.240
  76.630 116.870  89.440
  74.560 119.030  87.020
  71.780 118.420  84.300
  72.650 120.770  81.340
  70.240 123.850  81.540
